1
2
3
4
6
8
13
14
15
16
17
18
20
21
22
25
26
27
29
31
34
35
36
37
38
39
41
42
43
44
45
46
47
50
52
53
54
55
56
60
61
62
63
64
65
66
68
69
71
72
74
76
77
78
79
81
84
85
86
89
90
92
93
94
95
96
97
101
102
103
104
105
106
109
110
111
112
114
117
118
119
122
123
124
125
126
127
128
129
130
131
132
133
134
135
137
139
140
143
144
145
146
147
148
149
150
151
152
155
157
158
160
161
163
164
167
168
169
171
172
175
178
180
181
182
183
184
185
186
187
188
189
191
192
193
195
196
197
198
199
200
201
204
205
207
208
209
211
212
214
216
218
220
221
222
223
224
225
226
227
231
233
234
235
236
237
238
239
240
242
246
247
248
249
250
252
253
254
255
256
258
260
261
262
263
264
265
266
269
270
271
272
273
274
276
277
278
279
280
281
282
283
284
286
287
288
289
291
298
299
301
302
303
306
307
308
309
310
311
312
314
315
316
317
318
321
322
323
324
325
327
328
329
330
333
334
335
337
338
339
341
343
345
346
347
348
349
351
353
354
355
356
357
359
360
361
362
365
366
367
368
369
370
372
374
375
376
379
380
381
382
383
384
385
386
387
388
389
390
391
395
396
397
399
400
406
407
408
409
410
411
412
416
418
419
422
424
427
428
429
430
431
433
434
435
436
437
438
439
440
441
442
443
444
445
447
449
450
451
452
453
455
456
457
458
460
461
463
464
466
467
469
470
471
473
474
475
478
479
480
481
482
483
484
486
487
488
489
490
491
492
493
495
496
498
499
500
502
503
504
507
509
510
513
514
515
516
517
518
519
520
521
522
523
525
526
527
528
529
530
531
532
533
534
535
536
537
538
539
540
542
543
544
546
547
548
549
551
552
555
557
558
559
561
562
563
564
565
566
568
569
570
571
572
575
576
579
580
581
582
584
585
586
587
589
592
595
596
598
599
601
602
604
605
607
608
610
612
613
615
616
618
619
621
622
623
624
625
626
627
628
629
630
632
633
634
635
636
638
639
641
642
643
644
645
648
650
651
652
653
654
657
659
660
661
662
663
664
665
666
667
668
669
670
671
672
673
678
679
680
683
685
686
688
689
690
691
692
693
694
696
697
698
699
700
702
704
705
706
707
708
711
713
714
715
716
717
718
719
720
725
727
728
730
731
732
733
738
739
740
741
743
747
748
749
750
751
752
753
754
756
757
759
760
761
762
763
764
765
766
767
768
770
771
772
773
774
775
776
777
778
779
780
781
782
783
784
786
788
789
791
792
793
794
795
797
798
799
802
803
804
806
807
808
810
812
813
814
815
817
819
821
823
825
826
827
828
829
830
831
832
833
834
835
836
837
838
839
840
841
842
844
845
847
848
849
850
851
852
853
855
856
862
863
864
865
868
869
870
872
873
874
875
876
877
879
880
884
885
886
887
888
889
891
892
893
896
897
898
900
901
902
903
905
907
908
909
911
913
914
915
917
918
920
923
926
927
930
931
933
934
935
937
940
941
942
943
944
945
946
947
948
949
950
951
954
955
956
957
959
960
963
964
965
966
968
969
970
971
972
973
976
977
979
980
981
982
984
985
986
987
988
990
992
993
995
997
998
999
1000
1001
1002
1003
1004
1005
1006
1007
1008
1010
1011
1012
1015
1016
1017
1018
1019
1020
1022
1023
1025
1027
1028
1030
1032
1034
1038
1039
1040
1041
1042
1044
1045
1046
1047
1048
1050
1053
1054
1057
1058
1059
1062
1064
1065
1067
1068
1069
1070
1073
1075
1077
1079
1080
1081
1082
1083
1084
1085
1086
1088
1089
1090
1092
1094
1096
1098
1101
1102
1103
1107
1108
1109
1110
1111
1113
1115
1116
1117
1118
1120
1121
1122
1123
1125
1126
1127
1129
1130
1131
1132
1133
1135
1136
1138
1141
1142
1143
1145
1146
1147
1149
1150
1153
1156
1157
1158
1159
1160
1161
1162
1163
1166
1168
1169
1170
1172
1174
1175
1176
1177
1178
1179
1181
1182
1185
1186
1188
1191
1192
1194
1198
1199
1200
1202
1203
1206
1210
1211
1212
1213
1214
1215
1217
1220
1221
1222
1223
1225
1226
1227
1228
1229
1230
1232
1233
1234
1235
1236
1237
1238
1240
1241
1242
1243
1246
1248
1249
1250
1251
1252
1253
1255
1258
1260
1262
1263
1264
1266
1267
1269
1270
1271
1272
1274
1275
1277
1280
1282
1284
1285
1286
1288
1289
1290
1292
1293
1294
1295
1296
1297
1298
1299
1303
1304
1309
1310
1311
1312
1313
1314
1315
1316
1318
1319
1320
1321
1322
1323
1326
1327
1328
1329
1332
1336
1337
1338
1339
1340
1341
1342
1343
1344
1346
1347
1348
1349
1350
1351
1353
1355
1356
1357
1358
1359
1361
1362
1363
1364
1365
1366
1367
1368
1370
1371
1372
1375
1376
1377
1378
1380
1382
1383
1386
1387
1388
1389
1390
1391
1392
1393
1395
1396
1397
1398
1400
1401
1402
1404
1405
1408
1409
1410
1411
1412
1417
1418
1419
1423
1424
1426
1427
1429
1430
1431
1433
1434
1435
1436
1437
1439
1441
1442
1443
1445
1447
1448
1449
1450
1451
1452
1453
1457
1458
1459
1460
1462
1463
1465
1468
1469
1470
1471
1472
1474
1475
1476
1477
1478
1479
1480
1484
1485
1486
1487
1488
1489
1491
1492
1495
1496
1497
1498
1499
1500
1501
1503
1504
1505
1506
1507
1508
1509
1511
1514
1515
1517
1520
1521
1522
1523
1524
1525
1526
1529
1530
1531
1532
1534
1536
1537
1538
1539
1540
1542
1543
1544
1545
1546
1548
1550
1551
1553
1554
1556
1559
1560
1561
1562
1563
1564
1565
1567
1568
1569
1570
1573
1575
1576
1578
1580
1581
1583
1587
1589
1590
1591
1592
1593
1594
1595
1597
1599
1601
1602
1603
1605
1608
1609
1610
1611
1612
1613
1616
1617
1618
1619
1620
1621
1622
1624
1625
1627
1628
1629
1630
1631
1633
1634
1635
1637
1639
1640
1643
1644
1645
1647
1648
1649
1650
1652
1653
1656
1657
1659
1661
1665
1667
1668
1669
1671
1672
1674
1676
1679
1681
1682
1684
1685
1687
1689
1690
1692
1693
1694
1696
1697
1699
1700
1701
1702
1703
1704
1705
1707
1709
1711
1712
1713
1714
1717
1719
1723
1724
1725
1726
1727
1729
1730
1731
1733
1735
1736
1737
1738
1739
1740
1742
1744
1745
1746
1748
1749
1751
1755
1756
1757
1758
1759
1760
1761
1762
1767
1769
1771
1772
1773
1774
1776
1782
1784
1786
1787
1789
1790
1791
1792
1793
1794
1795
1796
1797
1798
1799
1800
1802
1803
1805
1806
1808
1811
1813
1814
1815
1816
1817
1818
1819
1820
1821
1823
1824
1826
1828
1829
1830
1831
1833
1834
1835
1836
1838
1839
1842
1843
1844
1845
1846
1847
1848
1851
1852
1853
1854
1855
1856
1857
1858
1861
1862
1863
1865
1866
1867
1870
1871
1872
1873
1874
1875
1876
1877
1878
1879
1880
1881
1882
1883
1884
1886
1887
1888
1891
1892
1894
1895
1896
1897
1899
1901
1902
1903
1904
1905
1908
1909
1910
1911
1912
1913
1915
1917
1919
1920
1921
1923
1925
1926
1928
1929
1930
1932
1933
1934
1936
1937
1938
1939
1940
1943
1944
1945
1947
1948
1949
1950
1953
1955
1956
1957
1958
1959
1960
1962
1964
1965
1966
1968
1969
1970
1972
1975
1976
1981
1983
1985
1988
1989
1990
1992
1993
1994
1995
1997
1998
1999
2000
2001
2005
2006
2008
2009
2011
2012
2013
2014
2015
2016
2017
2018
2019
2021
2022
2023
2024
2026
2027
2029
2030
2032
2033
2034
2035
2036
2037
2039
2040
2042
2043
2044
2045
2046
2047
2048
2049
2053
2054
2055
2056
2057
2058
2060
2062
2063
2064
2066
2067
2069
2070
2072
2074
2075
2076
2078
2079
2080
2081
2086
2088
2090
2091
2093
2095
2096
2098
2100
2101
2102
2103
2104
2105
2107
2108
2109
2110
2111
2112
2113
2114
2116
2118
2119
2120
2122
2123
2124
2126
2127
2128
2130
2132
2134
2135
2137
2138
2139
2142
2143
2144
2145
2146
2147
2148
2149
2151
2152
2153
2154
2156
2157
2158
2159
2160
2162
2164
2165
2166
2168
2169
2170
2172
2173
2175
2178
2180
2181
2182
2183
2184
2185
2186
2189
2190
2191
2192
2193
2194
2197
2198
2199
2200
2204
2205
2206
2207
2208
2209
2210
2211
2212
2213
2217
2218
2219
2221
2222
2223
2224
2225
2226
2227
2228
2229
2230
2231
2232
2234
2236
2237
2239
2241
2242
2244
2245
2246
2247
2248
2250
2252
2254
2255
2256
2258
2259
2260
2261
2262
2263
2264
2265
2270
2271
2272
2273
2274
2276
2277
2278
2279
2280
2281
2282
2283
2284
2285
2286
2287
2288
2290
2291
2292
2293
2294
2295
2296
2297
2300
2302
2303
2304
2307
2311
2313
2315
2316
2317
2319
2320
2321
2322
2323
2324
2327
2329
2330
2334
2335
2336
2337
2338
2339
2341
2343
2348
2349
2352
2354
2355
2356
2357
2360
2361
2362
2363
2364
2365
2367
2368
2369
2370
2372
2373
2374
2375
2376
2378
2379
2380
2382
2385
2388
2389
2390
2391
2392
2393
2394
2395
2396
2397
2398
2399
2401
2402
2403
2404
2405
2409
2410
2411
2412
2413
2414
2423
2425
2426
2427
2430
2431
2433
2436
2437
2438
2439
2440
2441
2443
2444
2445
2446
2449
2450
2452
2453
2454
2455
2456
2457
2458
2459
2460
2461
2462
2463
2465
2466
2467
2469
2470
2471
2472
2473
2476
2477
2478
2481
2482
2484
2485
2487
2488
2489
2490
2492
2493
2494
2495
2496
2497
2499
2500
2501
2502
2503
2505
2506
2507
2508
2509
2510
2511
2512
2513
2515
2516
2517
2518
2519
2520
2521
2522
2523
2524
2526
2527
2528
2529
2530
2531
2532
2535
2536
2537
2539
2540
2541
2542
2546
2547
2548
2550
2553
2555
2557
2560
2561
2562
2563
2565
2566
2567
2569
2571
2572
2573
2574
2575
2577
2579
2580
2581
2583
2584
2587
2590
2591
2595
2597
2598
2600
2603
2604
2606
2607
2608
2612
2614
2615
2617
2618
2619
2620
2621
2623
2624
2625
2626
2627
2629
2631
2632
2633
2634
2635
2637
2639
2640
2641
2643
2644
2645
2647
2649
2650
2653
2654
2655
2656
2657
2658
2659
2661
2662
2663
2666
2668
2672
2673
2674
2675
2676
2677
2678
2679
2680
2681
2682
2683
2686
2687
2688
2689
2690
2693
2696
2697
2701
2703
2704
2705
2706
2707
2708
2709
2710
2711
2713
2714
2715
2716
2717
2721
2724
2727
2730
2731
2733
2735
2736
2737
2738
2739
2740
2741
2742
2743
2744
2747
2748
2749
2750
2751
2752
2753
2754
2755
2757
2759
2761
2762
2763
2764
2770
2772
2773
2774
2776
2777
2778
2779
2780
2781
2782
2783
2784
2786
2787
2788
2789
2790
2791
2792
2793
2794
2795
2796
2797
2798
2799
2800
2801
2802
2805
2806
2807
2809
2810
2813
2814
2819
2820
2822
2823
2824
2825
2826
2827
2829
2830
2831
2833
2834
2836
2837
2838
2839
2840
2843
2844
2846
2847
2848
2850
2851
2852
2854
2855
2856
2857
2861
2862
2864
2866
2867
2868
2869
2871
2874
2875
2880
2881
2882
2883
2884
2885
2886
2888
2889
2890
2891
2892
2893
2895
2896
2897
2898
2899
2900
2901
2902
2904
2906
2907
2908
2909
2910
2911
2912
2914
2915
2918
2919
2920
2921
2922
2923
2924
2925
2926
2927
2928
2930
2931
2932
2933
2935
2936
2938
2940
2942
2943
2944
2945
2946
2947
2948
2951
2952
2953
2954
2955
2956
2960
2961
2963
2964
2965
2966
2967
2968
2970
2971
2974
2975
2976
2978
2979
2982
2984
2985
2986
2987
2989
2990
2992
2993
2994
2995
2996
2997
2998
2999
3000
3001
3002
3005
3006
3008
3009
3012
3013
3015
3016
3017
3018
3019
3020
3021
3022
3023
3025
3027
3028
3029
3030
3031
3033
3034
3036
3039
3040
3041
3044
3046
3051
3054
3056
3058
3060
3061
3062
3063
3064
3065
3066
3068
3069
3072
3073
3075
3076
3078
3079
3080
3081
3082
3083
3084
3085
3088
3089
3091
3092
3093
3094
3096
3097
3100
3101
3103
3104
3105
3106
3107
3108
3109
3110
3112
3113
3115
3116
3117
3118
3120
3121
3122
3123
3125
3126
3129
3130
3131
3132
3133
3134
3135
3136
3137
3138
3140
3141
3142
3143
3145
3146
3148
3150
3151
3152
3154
3156
3157
3158
3159
3160
3161
3162
3163
3165
3166
3167
3169
3170
3171
3172
3173
3174
3175
3177
3178
3180
3182
3183
3184
3186
3187
3189
3191
3192
3195
3199
3200
3201
3204
3206
3207
3208
3209
3210
3211
3212
3215
3218
3222
3224
3225
3227
3228
3229
3233
3234
3235
3236
3237
3239
3241
3242
3243
3248
3249
3250
3251
3252
3253
3254
3255
3256
3257
3258
3259
3262
3265
3266
3267
3268
3269
3271
3272
3274
3276
3280
3282
3283
3284
3285
3287
3288
3289
3291
3292
3293
3294
3295
3296
3297
3299
3300
3301
3302
3305
3306
3307
3308
3309
3310
3312
3314
3315
3316
3318
3319
3320
3321
3323
3324
3325
3326
3327
3328
3329
3331
3332
3333
3334
3335
3336
3337
3340
3341
3342
3343
3344
3346
3347
3349
3352
3355
3356
3357
3358
3359
3362
3364
3365
3366
3369
3370
3371
3372
3373
3374
3376
3378
3382
3383
3385
3387
3390
3391
3393
3394
3396
3398
3399
3401
3402
3405
3406
3408
3409
3410
3413
3414
3415
3416
3418
3419
3420
3422
3424
3427
3428
3430
3431
3435
3436
3439
3440
3442
3444
3446
3447
3448
3449
3450
3451
3453
3454
3455
3456
3457
3458
3460
3462
3463
3464
3465
3467
3468
3469
3470
3471
3473
3474
3475
3477
3479
3480
3481
3482
3483
3484
3485
3486
3487
3488
3490
3491
3492
3494
3495
3496
3499
3500
3501
3502
3503
3504
3505
3506
3507
3508
3509
3510
3511
3512
3513
3514
3516
3517
3518
3519
3520
3523
3524
3528
3529
3530
3531
3533
3534
3535
3536
3537
3539
3540
3541
3542
3543
3544
3545
3547
3548
3549
3552
3553
3554
3556
3557
3558
3559
3561
3563
3565
3566
3568
3570
3572
3574
3575
3578
3579
3580
3583
3584
3585
3586
3587
3588
3589
3590
3592
3594
3595
3596
3597
3598
3599
3600
3601
3602
3604
3605
3606
3607
3608
3609
3610
3611
3612
3613
3614
3615
3617
3620
3621
3622
3623
3625
3627
3629
3630
3632
3633
3634
3635
3636
3637
3638
3639
3642
3644
3646
3647
3648
3649
3650
3651
3652
3655
3656
3657
3659
3663
3664
3668
3669
3670
3673
3674
3675
3676
3677
3679
3681
3682
3683
3684
3686
3687
3688
3691
3694
3695
3698
3699
3700
3702
3703
3704
3705
3707
3708
3709
3710
3711
3712
3714
3716
3719
3721
3722
3724
3725
3726
3727
3728
3729
3730
3736
3737
3738
3739
3740
3741
3743
3744
3745
3747
3749
3750
3754
3755
3756
3758
3759
3760
3762
3764
3765
3766
3767
3768
3769
3770
3771
3772
3773
3774
3775
3776
3777
3778
3779
3780
3781
3782
3783
3784
3785
3786
3787
3788
3789
3794
3795
3797
3798
3799
3800
3803
3805
3806
3807
3808
3809
3810
3811
3813
3814
3817
3818
3819
3820
3821
3823
3824
3826
3827
3828
3829
3830
3832
3833
3834
3835
3836
3837
3838
3839
3840
3841
3842
3843
3844
3845
3846
3847
3848
3850
3851
3854
3856
3859
3860
3862
3863
3864
3866
3867
3868
3869
3871
3872
3873
3874
3876
3877
3878
3879
3883
3884
3887
3890
3893
3894
3895
3896
3897
3898
3901
3904
3905
3906
3907
3909
3910
3911
3912
3913
3914
3915
3916
3917
3920
3922
3923
3924
3925
3926
3927
3928
3929
3930
3931
3932
3933
3934
3935
3936
3937
3938
3939
3941
3942
3944
3945
3946
3947
3948
3949
3950
3951
3952
3955
3956
3957
3958
3959
3961
3962
3963
3964
3965
3967
3968
3969
3970
3971
3972
3973
3975
3976
3978
3981
3982
3983
3984
3985
3988
3989
3990
3992
3993
3995
3997
3998
3999
4000
4002
4003
4004
4005
4006
4007
4008
4009
4010
4011
4012
4013
4015
4016
4018
4019
4020
4022
4023
4024
4026
4027
4029
4031
4032
4034
4036
4037
4038
4039
4040
4042
4043
4044
4045
4048
4051
4054
4055
4057
4060
4061
4063
4064
4066
4068
4070
4071
4072
4073
4074
4075
4077
4078
4079
4080
4082
4083
4085
4086
4087
4089
4091
4092
4093
4094
4095
4097
4098
4099
4100
4101
4102
4103
4104
4105
4106
4107
4109
4110
4112
4113
4114
4115
4116
4118
4120
4124
4125
4126
4127
4128
4130
4131
4132
4133
4134
4135
4136
4137
4138
4139
4140
4143
4145
4147
4149
4153
4154
4155
4156
4157
4158
4160
4161
4162
4166
4167
4168
4170
4171
4172
4173
4174
4176
4177
4178
4179
4180
4181
4182
4183
4184
4185
4186
4187
4191
4192
4194
4195
4196
4198
4199
4200
4202
4204
4205
4207
4208
4210
4212
4213
4214
4215
4216
4217
4218
4220
4221
4225
4227
4229
4230
4232
4233
4235
4236
4237
4238
4239
4241
4242
4244
4245
4247
4249
4250
4253
4257
4259
4260
4262
4263
4264
4265
4267
4268
4270
4272
4273
4274
4276
4278
4280
4281
4282
4283
4285
4286
4287
4288
4289
4290
4291
4292
4293
4294
4295
4296
4297
4298
4300
4301
4302
4303
4305
4307
4308
4309
4310
4313
4315
4316
4318
4320
4322
4323
4324
4325
4326
4327
4330
4331
4332
4336
4338
4343
4344
4345
4346
4349
4352
4354
4355
4356
4357
4359
4360
4362
4363
4366
4367
4368
4369
4370
4371
4373
4374
4376
4378
4379
4380
4381
4382
4384
4391
4392
4394
4395
4396
4398
4400
4401
4402
4403
4404
4405
4407
4408
4410
4412
4413
4414
4417
4418
4419
4422
4424
4425
4427
4428
4429
4430
4431
4432
4435
4437
4440
4442
4443
4444
4445
4447
4450
4452
4453
4454
4455
4456
4457
4458
4459
4460
4461
4465
4470
4471
4474
4476
4480
4481
4482
4483
4485
4486
4487
4488
4490
4491
4493
4494
4495
4496
4497
4498
4501
4502
4503
4504
4506
4507
4508
4509
4510
4511
4512
4513
4514
4515
4517
4518
4519
4520
4521
4522
4523
4524
4527
4528
4529
4531
4532
4535
4536
4537
4538
4539
4540
4541
4542
4544
4545
4546
4547
4548
4549
4550
4551
4552
4553
4557
4558
4559
4560
4561
4562
4564
4566
4567
4568
4571
4572
4573
4574
4575
4576
4578
4579
4580
4581
4583
4586
4587
4588
4589
4591
4592
4594
4595
4596
4598
4599
4601
4602
4603
4604
4605
4608
4609
4612
4613
4615
4616
4617
4618
4619
4620
4622
4623
4624
4627
4628
4629
4630
4632
4633
4634
4635
4638
4639
4640
4643
4646
4647
4648
4649
4650
4651
4652
4653
4654
4655
4656
4657
4658
4660
4661
4664
4665
4666
4667
4669
4670
4671
4672
4673
4674
4675
4677
4679
4680
4681
4683
4684
4686
4687
4688
4689
4690
4693
4695
4696
4697
4698
4700
4702
4703
4704
4705
4706
4707
4709
4710
4711
4712
4713
4714
4715
4716
4717
4718
4720
4721
4722
4724
4726
4728
4731
4732
4733
4734
4738
4739
4741
4742
4743
4745
4746
4749
4750
4754
4756
4757
4759
4760
4761
4762
4764
4765
4766
4767
4770
4771
4772
4773
4774
4777
4779
4780
4781
4782
4783
4785
4786
4787
4788
4790
4791
4792
4793
4794
4795
4797
4798
4799
4800
4801
4802
4804
4805
4807
4808
4809
4811
4812
4813
4814
4815
4816
4817
4818
4819
4820
4821
4822
4823
4824
4826
4829
4830
4831
4832
4833
4834
4836
4837
4838
4840
4841
4842
4844
4845
4846
4851
4852
4854
4855
4856
4857
4859
4860
4861
4863
4864
4868
4869
4870
4871
4872
4873
4874
4876
4877
4878
4880
4882
4883
4885
4886
4888
4889
4890
4891
4892
4893
4894
4895
4896
4897
4898
4899
4900
4901
4903
4906
4907
4908
4909
4910
4911
4912
4913
4914
4916
4918
4920
4921
4922
4923
4924
4925
4926
4927
4930
4931
4932
4933
4934
4937
4939
4945
4946
4947
4948
4949
4950
4952
4955
4956
4958
4959
4960
4961
4962
4963
4964
4967
4968
4969
4972
4973
4975
4976
4977
4978
4979
4981
4982
4983
4985
4986
4987
4988
4989
4993
4994
4996
4997
4998
4999
5000
5002
5003
5007
5008
5009
5011
5012
5013
5015
5016
5017
5018
5019
5020
5023
5025
5026
5027
5028
5029
5030
5034
5037
5038
5039
5040
5043
5044
5045
5046
5047
5048
5050
5051
5052
5054
5056
5057
5058
5060
5061
5062
5063
5064
5065
5069
5072
5074
5076
5077
5078
5079
5080
5081
5082
5083
5085
5086
5088
5090
5092
5095
5096
5097
5098
5099
5100
5101
5102
5104
5107
5109
5110
5112
5113
5114
5115
5116
5117
5119
5122
5124
5125
5126
5128
5131
5132
5135
5137
5141
5142
5143
5144
5145
5146
5149
5150
5151
5152
5153
5154
5155
5156
5160
5161
5162
5163
5164
5165
5168
5169
5170
5171
5173
5174
5175
5177
5179
5180
5181
5183
5186
5189
5190
5191
5192
5196
5198
5200
5202
5203
5204
5205
5206
5208
5210
5211
5212
5213
5214
5216
5217
5218
5220
5221
5222
5223
5224
5225
5226
5228
5229
5230
5231
5232
5233
5234
5236
5237
5240
5242
5243
5245
5246
5247
5249
5251
5252
5253
5254
5255
5257
5260
5263
5264
5265
5267
5268
5269
5270
5272
5273
5274
5275
5276
5280
5282
5283
5284
5285
5286
5287
5289
5290
5291
5292
5293
5294
5295
5297
5298
5300
5301
5302
5303
5304
5305
5306
5307
5308
5310
5311
5313
5314
5315
5316
5317
5318
5319
5320
5321
5323
5325
5326
5327
5328
5329
5330
5331
5332
5333
5334
5335
5336
5337
5341
5342
5346
5347
5348
5349
5350
5353
5355
5356
5357
5359
5360
5361
5366
5367
5368
5370
5371
5372
5374
5376
5377
5378
5380
5381
5383
5384
5386
5387
5388
5389
5391
5392
5394
5395
5397
5399
5400
5401
5402
5404
5405
5406
5408
5410
5411
5413
5414
5415
5417
5419
5420
5421
5422
5423
5425
5426
5427
5428
5429
5430
5431
5432
5433
5434
5435
5436
5438
5440
5441
5444
5445
5446
5448
5449
5450
5451
5452
5454
5455
5457
5458
5459
5460
5461
5462
5463
5465
5466
5468
5469
5470
5472
5474
5476
5479
5480
5486
5487
5488
5489
5490
5493
5494
5495
5499
5500
5501
5503
5509
5512
5513
5515
5516
5517
5518
5520
5521
5522
5523
5525
5527
5529
5531
5532
5533
5534
5535
5536
5538
5539
5540
5541
5542
5544
5546
5547
5548
5549
5550
5552
5554
5555
5556
5557
5562
5564
5565
5567
5568
5569
5570
5571
5572
5574
5575
5577
5579
5580
5581
5582
5585
5586
5591
5594
5595
5596
5597
5598
5599
5600
5601
5607
5608
5609
5610
5611
5612
5613
5614
5615
5617
5618
5619
5621
5623
5625
5627
5628
5629
5630
5631
5632
5635
5636
5637
5638
5639
5641
5642
5643
5644
5645
5646
5647
5648
5649
5650
5653
5654
5657
5658
5659
5660
5661
5662
5663
5664
5666
5668
5671
5672
5675
5676
5678
5679
5680
5681
5683
5684
5685
5688
5689
5690
5691
5694
5695
5696
5697
5698
5699
5700
5703
5705
5706
5708
5709
5710
5711
5713
5715
5716
5717
5718
5720
5722
5724
5726
5727
5728
5730
5731
5733
5734
5735
5736
5738
5742
5743
5744
5745
5746
5749
5750
5752
5753
5754
5756
5757
5758
5759
5762
5764
5765
5769
5773
5775
5777
5778
5779
5780
5781
5782
5784
5785
5787
5788
5789
5790
5792
5794
5795
5796
5798
5800
5801
5802
5803
5805
5807
5809
5810
5811
5812
5813
5814
5815
5817
5819
5821
5822
5830
5831
5832
5833
5834
5835
5837
5838
5839
5843
5844
5845
5846
5847
5848
5851
5852
5854
5855
5856
5857
5858
5859
5860
5861
5862
5863
5865
5866
5868
5869
5870
5871
5873
5874
5877
5878
5879
5880
5881
5882
5883
5884
5885
5887
5888
5889
5890
5891
5892
5893
5894
5899
5900
5902
5904
5905
5906
5910
5911
5912
5914
5915
5917
5919
5920
5921
5922
5923
5924
5925
5926
5927
5928
5929
5930
5931
5932
5933
5936
5937
5938
5939
5940
5944
5945
5946
5947
5948
5949
5952
5954
5955
5958
5959
5960
5961
5963
5964
5967
5968
5970
5971
5972
5973
5975
5976
5977
5979
5980
5981
5982
5988
5990
5991
5993
5997
5998
5999
6000
6001
6002
6003
6005
6006
6009
6011
6012
6013
6015
6016
6017
6019
6020
6021
6023
6024
6025
6027
6028
6029
6030
6031
6032
6033
6034
6035
6036
6037
6038
6039
6040
6041
6042
6045
6046
6049
6051
6052
6053
6054
6056
6057
6059
6060
6061
6063
6064
6066
6067
6068
6069
6070
6071
6072
6075
6076
6079
6081
6082
6083
6084
6085
6087
6088
6090
6091
6092
6093
6094
6095
6096
6097
6098
6101
6102
6103
6104
6105
6106
6107
6108
6109
6112
6113
6114
6116
6117
6121
6123
6124
6125
6126
6127
6128
6130
6131
6132
6135
6137
6139
6140
6144
6145
6146
6148
6149
6152
6153
6155
6158
6161
6162
6163
6164
6165
6166
6167
6169
6170
6171
6172
6173
6174
6175
6177
6178
6179
6182
6183
6184
6186
6187
6188
6190
6191
6192
6195
6197
6198
6199
6200
6201
6202
6203
6204
6207
6209
6210
6211
6212
6213
6214
6215
6216
6218
6220
6222
6225
6226
6227
6229
6231
6232
6233
6235
6238
6239
6240
6241
6242
6243
6244
6245
6247
6248
6249
6251
6253
6254
6255
6256
6257
6258
6259
6260
6261
6263
6264
6265
6266
6267
6272
6274
6276
6277
6279
6280
6282
6283
6284
6286
6287
6288
6290
6291
6292
6293
6298
6300
6301
6303
6304
6305
6306
6307
6308
6310
6311
6314
6315
6316
6317
6318
6319
6320
6321
6322
6323
6324
6326
6327
6328
6331
6332
6333
6334
6336
6337
6339
6341
6342
6345
6346
6347
6349
6350
6351
6352
6353
6356
6357
6359
6360
6362
6363
6364
6366
6367
6368
6369
6371
6372
6373
6375
6376
6377
6378
6379
6380
6381
6382
6383
6384
6385
6386
6387
6388
6389
6390
6391
6392
6393
6394
6398
6399
6401
6402
6403
6404
6405
6406
6407
6409
6410
6415
6416
6417
6418
6419
6420
6421
6422
6424
6425
6426
6427
6429
6433
6435
6438
6439
6440
6441
6443
6444
6446
6447
6448
6450
6451
6452
6454
6455
6456
6457
6458
6459
6460
6461
6463
6464
6467
6468
6471
6473
6474
6476
6477
6478
6479
6480
6483
6484
6485
6486
6487
6488
6489
6490
6491
6492
6493
6494
6496
6498
6500
6501
6502
6503
6504
6505
6506
6507
6509
6510
6511
6512
6513
6514
6515
6516
6517
6520
6521
6522
6523
6524
6526
6527
6528
6529
6531
6532
6533
6534
6535
6537
6538
6540
6541
6542
6543
6544
6545
6547
6549
6551
6552
6555
6559
6560
6564
6565
6566
6567
6569
6570
6571
6572
6573
6574
6575
6576
6577
6579
6580
6581
6582
6584
6586
6588
6589
6590
6591
6592
6593
6596
6597
6600
6601
6602
6603
6608
6609
6610
6611
6612
6613
6615
6616
6617
6618
6619
6620
6622
6623
6624
6625
6628
6629
6630
6631
6632
6633
6636
6637
6638
6639
6640
6641
6642
6644
6645
6647
6648
6649
6651
6652
6654
6655
6656
6657
6658
6659
6660
6661
6662
6665
6669
6671
6672
6673
6674
6675
6676
6677
6678
6679
6680
6683
6685
6686
6689
6691
6693
6694
6695
6697
6698
6700
6703
6704
6705
6706
6707
6708
6710
6711
6713
6714
6715
6716
6717
6718
6719
6720
6721
6722
6723
6724
6726
6728
6729
6731
6732
6734
6735
6736
6737
6738
6739
6740
6746
6747
6748
6749
6750
6751
6753
6754
6756
6758
6760
6761
6762
6763
6766
6767
6770
6773
6774
6775
6776
6780
6781
6783
6784
6785
6788
6789
6790
6792
6794
6795
6796
6798
6799
6800
6801
6802
6803
6804
6806
6807
6808
6810
6811
6812
6814
6815
6816
6817
6818
6819
6820
6821
6823
6824
6826
6827
6828
6830
6831
6832
6834
6835
6836
6838
6839
6840
6841
6842
6847
6848
6849
6850
6852
6853
6854
6855
6856
6857
6859
6861
6862
6863
6864
6865
6866
6867
6868
6869
6870
6871
6872
6874
6875
6876
6878
6879
6881
6886
6887
6888
6890
6891
6892
6893
6894
6895
6896
6897
6898
6900
6901
6902
6903
6904
6906
6907
6908
6909
6912
6913
6916
6917
6919
6920
6921
6923
6924
6925
6926
6927
6928
6929
6930
6931
6932
6933
6934
6936
6937
6938
6939
6940
6942
6943
6944
6947
6948
6950
6951
6952
6953
6955
6956
6957
6958
6959
6960
6961
6962
6963
6964
6965
6966
6968
6969
6971
6972
6973
6976
6978
6980
6981
6983
6984
6985
6986
6988
6989
6990
6991
6993
6994
6997
6999
7003
7004
7005
7006
7007
7008
7010
7011
7012
7014
7016
7017
7018
7020
7021
7022
7024
7025
7026
7027
7029
7032
7033
7034
7035
7036
7038
7041
7043
7046
7047
7050
7051
7052
7055
7056
7057
7059
7060
7061
7062
7063
7064
7065
7067
7069
7071
7072
7074
7075
7076
7077
7079
7083
7085
7089
7090
7093
7094
7095
7096
7100
7101
7102
7103
7104
7105
7106
7107
7108
7110
7111
7112
7113
7114
7115
7116
7117
7118
7119
7122
7123
7124
7127
7129
7131
7133
7134
7136
7137
7138
7140
7142
7143
7144
7146
7147
7151
7152
7153
7154
7155
7156
7157
7161
7162
7164
7165
7166
7167
7168
7169
7170
7172
7173
7174
7176
7177
7180
7181
7182
7183
7186
7188
7189
7191
7193
7197
7198
7201
7203
7204
7205
7206
7207
7208
7210
7211
7214
7215
7216
7217
7218
7220
7223
7224
7227
7228
7229
7230
7231
7233
7234
7239
7240
7242
7243
7244
7249
7250
7251
7252
7254
7255
7257
7259
7263
7265
7266
7271
7272
7273
7274
7276
7277
7278
7280
7281
7282
7284
7285
7288
7289
7290
7292
7294
7295
7297
7299
7300
7302
7303
7304
7305
7306
7307
7308
7310
7311
7313
7314
7315
7316
7317
7318
7321
7322
7327
7328
7330
7331
7332
7334
7337
7339
7340
7342
7343
7345
7346
7347
7348
7350
7351
7354
7356
7357
7358
7359
7360
7361
7362
7363
7364
7365
7366
7368
7372
7373
7374
7375
7376
7377
7378
7380
7381
7383
7384
7385
7386
7390
7391
7392
7394
7395
7397
7398
7400
7401
7403
7404
7405
7406
7407
7408
7409
7410
7411
7412
7413
7415
7416
7418
7420
7421
7422
7423
7424
7425
7428
7430
7432
7433
7434
7436
7438
7441
7442
7448
7449
7450
7451
7456
7457
7461
7462
7464
7465
7466
7467
7468
7470
7472
7473
7474
7475
7477
7478
7479
7480
7481
7483
7484
7485
7486
7487
7488
7489
7491
7492
7493
7496
7498
7499
7500
7501
7503
7504
7505
7506
7507
7508
7511
7512
7514
7515
7516
7517
7518
7519
7520
7522
7523
7525
7526
7529
7530
7531
7532
7533
7535
7536
7537
7538
7539
7541
7543
7547
7549
7551
7552
7553
7554
7555
7556
7557
7558
7559
7560
7561
7562
7564
7565
7566
7569
7570
7571
7573
7574
7575
7576
7577
7579
7581
7582
7583
7584
7585
7586
7587
7588
7589
7590
7592
7595
7597
7599
7600
7601
7602
7604
7607
7608
7609
7610
7611
7613
7614
7615
7616
7617
7618
7619
7620
7621
7625
7626
7628
7629
7630
7631
7632
7634
7635
7638
7640
7641
7642
7643
7644
7645
7646
7647
7648
7650
7651
7652
7653
7654
7657
7659
7660
7662
7663
7664
7665
7666
7667
7668
7669
7670
7673
7676
7678
7679
7680
7681
7683
7685
7687
7689
7690
7692
7693
7694
7696
7697
7698
7702
7707
7708
7709
7711
7712
7713
7715
7716
7717
7718
7720
7721
7723
7724
7726
7727
7728
7729
7732
7733
7734
7735
7739
7741
7742
7744
7745
7746
7747
7748
7750
7751
7752
7753
7754
7755
7756
7758
7759
7763
7764
7765
7766
7768
7775
7776
7777
7778
7779
7780
7781
7782
7783
7784
7785
7786
7788
7789
7791
7792
7795
7797
7798
7801
7802
7803
7805
7806
7807
7808
7809
7810
7812
7813
7814
7815
7816
7817
7818
7820
7822
7823
7824
7825
7826
7827
7828
7829
7830
7831
7832
7833
7836
7838
7841
7842
7843
7844
7845
7847
7849
7850
7851
7852
7853
7854
7855
7856
7857
7859
7860
7862
7863
7868
7869
7870
7871
7872
7873
7877
7878
7879
7880
7881
7883
7884
7885
7886
7887
7889
7890
7891
7892
7894
7896
7897
7899
7900
7903
7904
7905
7906
7907
7908
7909
7910
7911
7912
7913
7914
7915
7916
7919
7920
7921
7923
7924
7926
7927
7928
7929
7930
7932
7933
7935
7936
7937
7938
7939
7940
7941
7943
7946
7947
7948
7949
7950
7952
7955
7957
7958
7960
7961
7962
7963
7967
7968
7969
7970
7972
7973
7974
7975
7976
7977
7978
7980
7983
7984
7985
7986
7987
7988
7989
7990
7992
7993
7994
7995
7997
7998
7999
8000
8001
8002
8003
8006
8007
8009
8010
8011
8012
8013
8014
8015
8016
8018
8019
8020
8021
8025
8027
8030
8032
8033
8035
8037
8038
8039
8040
8043
8045
8046
8047
8048
8049
8052
8054
8056
8057
8058
8060
8061
8063
8065
8066
8067
8068
8069
8070
8071
8072
8076
8079
8081
8082
8083
8085
8087
8088
8089
8091
8092
8093
8094
8095
8096
8097
8098
8099
8100
8102
8103
8107
8108
8110
8112
8113
8115
8116
8117
8118
8119
8121
8123
8124
8125
8128
8129
8130
8131
8133
8134
8136
8137
8138
8139
8140
8141
8143
8144
8148
8151
8152
8153
8154
8156
8157
8158
8159
8161
8163
8165
8166
8168
8170
8173
8175
8177
8178
8180
8181
8183
8184
8185
8186
8187
8189
8191
8192
8193
8194
8195
8196
8197
8200
8202
8204
8207
8209
8214
8215
8216
8219
8220
8221
8223
8225
8227
8228
8229
8230
8231
8232
8234
8235
8236
8237
8238
8239
8240
8241
8242
8243
8245
8246
8247
8248
8249
8250
8251
8252
8253
8254
8255
8256
8257
8259
8261
8263
8265
8266
8268
8269
8270
8272
8274
8276
8277
8278
8279
8281
8282
8284
8285
8289
8291
8292
8293
8294
8295
8296
8297
8299
8300
8301
8302
8304
8305
8306
8308
8312
8313
8314
8316
8317
8318
8319
8321
8322
8323
8324
8327
8330
8331
8332
8334
8335
8336
8337
8338
8339
8340
8341
8342
8343
8344
8345
8346
8348
8350
8351
8352
8353
8354
8355
8356
8357
8358
8359
8360
8361
8362
8364
8365
8366
8367
8369
8370
8373
8381
8382
8383
8384
8385
8387
8390
8392
8394
8395
8396
8397
8398
8400
8402
8403
8404
8407
8409
8410
8412
8413
8414
8415
8416
8422
8423
8425
8426
8427
8428
8429
8431
8432
8434
8436
8438
8441
8442
8444
8445
8446
8447
8448
8449
8451
8452
8453
8454
8455
8456
8457
8458
8459
8460
8462
8463
8467
8468
8471
8472
8473
8474
8476
8477
8479
8480
8483
8485
8487
8491
8492
8493
8494
8495
8496
8497
8498
8499
8500
8501
8502
8503
8505
8506
8508
8509
8510
8512
8514
8515
8519
8524
8526
8527
8528
8529
8530
8531
8533
8534
8536
8538
8539
8540
8541
8542
8543
8545
8546
8549
8551
8553
8554
8557
8558
8559
8560
8561
8562
8564
8565
8566
8567
8568
8569
8571
8573
8574
8576
8577
8578
8580
8583
8585
8588
8589
8590
8591
8592
8593
8594
8596
8597
8599
8600
8601
8603
8604
8606
8607
8608
8609
8610
8612
8613
8614
8615
8616
8617
8618
8620
8622
8623
8624
8625
8626
8628
8629
8630
8632
8633
8634
8635
8636
8638
8639
8640
8642
8644
8645
8646
8647
8648
8649
8650
8651
8652
8655
8656
8657
8658
8660
8661
8662
8664
8665
8666
8668
8669
8670
8673
8674
8675
8677
8678
8679
8681
8683
8684
8685
8686
8687
8688
8689
8690
8691
8692
8696
8697
8698
8699
8700
8701
8704
8706
8707
8708
8710
8711
8712
8714
8715
8716
8719
8720
8721
8722
8723
8725
8726
8727
8728
8729
8730
8732
8733
8735
8736
8737
8739
8741
8743
8744
8745
8746
8747
8748
8749
8750
8753
8754
8755
8756
8757
8758
8759
8762
8763
8764
8766
8767
8769
8772
8773
8775
8778
8779
8780
8782
8783
8784
8785
8786
8789
8790
8791
8792
8793
8795
8797
8799
8801
8802
8803
8804
8805
8806
8807
8808
8809
8811
8813
8814
8817
8818
8819
8820
8822
8823
8824
8826
8827
8828
8829
8830
8831
8832
8833
8834
8835
8836
8838
8839
8840
8841
8843
8845
8846
8848
8852
8853
8854
8855
8856
8857
8858
8859
8860
8861
8863
8864
8865
8866
8867
8868
8870
8871
8872
8873
8875
8876
8877
8879
8884
8885
8888
8891
8893
8895
8897
8899
8901
8902
8903
8904
8905
8906
8907
8910
8913
8914
8915
8916
8917
8918
8919
8920
8921
8922
8923
8926
8928
8929
8931
8933
8935
8936
8937
8939
8940
8942
8946
8947
8948
8949
8950
8951
8953
8954
8955
8956
8957
8958
8959
8960
8961
8962
8963
8964
8965
8967
8968
8969
8971
8972
8973
8977
8978
8979
8980
8983
8984
8985
8987
8989
8990
8991
8993
8994
8995
8997
9000
9002
9003
9005
9006
9007
9008
9012
9015
9016
9017
9019
9021
9022
9023
9024
9025
9026
9027
9028
9030
9031
9032
9035
9036
9037
9040
9042
9045
9048
9049
9050
9051
9053
9054
9055
9057
9058
9059
9061
9062
9064
9065
9066
9067
9069
9071
9073
9074
9075
9077
9078
9079
9080
9081
9084
9085
9087
9089
9091
9092
9093
9094
9096
9101
9102
9103
9104
9105
9106
9107
9108
9109
9110
9111
9112
9113
9114
9115
9116
9117
9121
9122
9124
9125
9129
9130
9131
9132
9133
9134
9135
9136
9137
9138
9139
9140
9141
9142
9144
9145
9148
9149
9150
9152
9153
9154
9156
9157
9158
9159
9160
9162
9163
9164
9165
9167
9168
9169
9170
9171
9172
9174
9176
9177
9180
9181
9182
9183
9184
9186
9187
9188
9189
9190
9191
9193
9194
9195
9196
9197
9198
9199
9200
9202
9203
9204
9205
9206
9207
9208
9209
9210
9211
9213
9214
9215
9216
9217
9218
9221
9222
9223
9224
9225
9227
9228
9229
9230
9231
9233
9234
9235
9236
9237
9238
9239
9240
9242
9244
9245
9246
9247
9248
9250
9251
9252
9254
9255
9256
9257
9259
9261
9262
9263
9265
9266
9268
9269
9270
9271
9272
9273
9274
9275
9277
9278
9279
9281
9283
9284
9289
9293
9298
9299
9302
9303
9304
9305
9308
9309
9310
9311
9314
9315
9316
9317
9318
9319
9320
9321
9322
9323
9324
9326
9327
9328
9329
9330
9331
9332
9333
9336
9337
9339
9342
9343
9349
9350
9351
9352
9353
9354
9355
9359
9360
9363
9365
9366
9368
9369
9370
9373
9374
9376
9377
9378
9380
9382
9383
9387
9388
9390
9392
9393
9395
9396
9397
9400
9405
9406
9407
9409
9411
9412
9414
9415
9417
9418
9420
9421
9422
9423
9424
9425
9426
9427
9429
9430
9433
9434
9435
9436
9437
9438
9439
9440
9441
9443
9445
9446
9447
9449
9450
9451
9452
9453
9454
9455
9456
9458
9461
9462
9464
9467
9468
9470
9472
9473
9474
9478
9480
9481
9483
9484
9485
9487
9488
9489
9491
9492
9493
9494
9495
9496
9498
9499
9500
9501
9502
9503
9504
9505
9506
9507
9508
9509
9510
9512
9513
9514
9515
9516
9517
9518
9520
9521
9522
9525
9526
9528
9529
9530
9531
9532
9535
9536
9537
9539
9540
9541
9542
9543
9544
9545
9546
9547
9548
9550
9551
9552
9553
9554
9556
9558
9560
9562
9563
9565
9566
9567
9568
9569
9571
9573
9574
9575
9576
9577
9578
9581
9582
9584
9586
9588
9589
9590
9592
9593
9596
9598
9599
9600
9601
9603
9604
9606
9607
9608
9609
9610
9612
9613
9615
9616
9617
9620
9621
9622
9624
9625
9626
9627
9628
9632
9634
9638
9640
9642
9643
9644
9645
9647
9650
9651
9652
9653
9654
9655
9656
9657
9659
9661
9662
9663
9664
9665
9667
9668
9669
9672
9673
9677
9678
9679
9681
9682
9683
9685
9686
9688
9690
9691
9692
9693
9694
9695
9696
9697
9698
9700
9701
9702
9704
9705
9706
9707
9708
9709
9714
9715
9718
9719
9721
9722
9723
9725
9726
9727
9730
9732
9733
9734
9735
9736
9738
9739
9740
9741
9745
9747
9749
9751
9752
9753
9754
9755
9756
9758
9760
9761
9763
9764
9766
9767
9768
9769
9773
9774
9775
9776
9777
9779
9780
9781
9782
9784
9785
9787
9788
9789
9792
9793
9794
9795
9796
9797
9798
9799
9800
9802
9803
9804
9805
9806
9809
9810
9812
9813
9814
9815
9818
9821
9824
9825
9826
9829
9831
9833
9834
9835
9838
9839
9840
9841
9842
9843
9844
9845
9846
9848
9852
9853
9854
9856
9857
9858
9859
9860
9863
9864
9865
9866
9870
9872
9873
9874
9875
9876
9878
9879
9880
9881
9882
9883
9884
9885
9886
9887
9888
9890
9891
9893
9895
9896
9897
9898
9899
9900
9901
9902
9903
9904
9909
9910
9911
9912
9913
9914
9915
9916
9917
9918
9919
9921
9922
9924
9926
9927
9928
9929
9932
9934
9935
9936
9937
9939
9940
9941
9943
9944
9946
9947
9948
9949
9950
9951
9953
9954
9955
9956
9957
9958
9960
9961
9963
9964
9965
9966
9968
9969
9970
9971
9972
9973
9974
9976
9977
9981
9983
9984
9985
9990
9991
9992
9993
9994
9995
9996
9998
9999
10000
10001
10003
10006
10009
10010
10011
10013
10014
10017
10018
10019
10021
10023
10024
10025
10027
10028
10029
10030
10031
10032
10033
10034
10035
10037
10039
10040
10041
10044
10047
10048
10050
10051
10052
10054
10060
10063
10065
10066
10067
10069
10070
10071
10072
10073
10074
10075
10076
10078
10080
10081
10082
10084
10085
10086
10087
10089
10091
10092
10093
10094
10095
10098
10099
10100
10101
10102
10103
10104
10105
10106
10107
10108
10109
10110
10111
10113
10114
10117
10118
10119
10120
10123
10124
10125
10126
10127
10129
10131
10132
10133
10134
10135
10136
10137
10138
10142
10143
10146
10148
10152
10153
10154
10155
10156
10157
10159
10160
